	aBufBuf1_r1_k7	aBufBuf1_r2_k7	aDenEbr1_r1_k7	aDenEbr1_r2_k7	aRanTem1_r1_k7	aRanTem1_r2_k7	aRanTem1_r3_k7	aRanTem1_r4_k7	bAquChr1_r_k7	bBalReg1_r_k7	bCarCri1_r1_k7	bCarCri1_r2_k7	bCarCri1_r3_k7	bCicMag1_r1_k7	bCicMag1_r2_k7	bCicMag1_r3_k7	bCucCan1_r_k7	bFalNau1_r1_k7	bFalNau1_r2_k7	bFalRus1_r_k7	bMerNub1_r1_k7	bMerNub1_r2_k7	bMerNub1_r3_k7	bNycGra1_r1_k7	bNycGra1_r2_k7	bNycGra1_r3_k7	bPluApr1_r_k7	bPogPus1_r1_k7	bPogPus1_r2_k7	bStrHab1_r_k7	fAciRut3_r_k7	fAnaTes1_r_k7	fAntMac1_r1_k7	fAntMac1_r2_k7	fArcCen1_r_k7	fCycLum1_r_k7	fDenClu1_r_k7	fEleEle1_r1_k7	fEleEle1_r2_k7	fEsoLuc1_r_k7	fHipHip1_r_k7	fMegCyp1_r_k7	fParRan2_r_k7	fSebUmb1_r_k7	kPetMar1_r_k7	mLemCat1_r_k7	mLutLut1_r_k7	mLynCan4_r1_k7	mLynCan4_r2_k7	mMusErm1_r_k7	mMyoMyo1_r1_k7	mMyoMyo1_r2_k7	mOrnAna1_r_k7	mPhyDis1_r_k7	mPipKuh1_r1_k7	mPipKuh1_r2_k7	mPipPip1_r1_k7	mPipPip1_r2_k7	mRhiFer1_r1_k7	mTamTet1_r_k7	mTriVul1_r1_k7	mTriVul1_r2_k7	mZalCal1_r_k7	rDerCor1_r_k7	rGopEvg1_r_k7	rGopFla2_r_k7	rLacAgi1_r1_k7	rLacAgi1_r2_k7
aBufBuf1_r1_k7	1	.03469750889679715302	.05243243243243243243	.20000000000000000000	.13835511145272867025	.17015098722415795586	.14751773049645390070	.10587262200165425971	.11665762344004340748	.11494252873563218390	.17398463227222832052	.15612758813654168998	.02857142857142857142	.03768318213538032100	.03519510328997704667	0	.02158693115519253208	.11581291759465478841	.02886405959031657355	.11528429838288993218	.04591836734693877551	.04596527068437180796	0	.01705237515225334957	.01431391905231984205	.01385927505330490405	0	.04104669061056952283	.04000000000000000000	.15449915110356536502	.08716026241799437675	.03822314049586776859	.08638497652582159624	.20433436532507739938	.07188160676532769556	.09697933227344992050	.18337850045167118337	.12669322709163346613	.03744292237442922374	.09462528387585162755	.00875000000000000000	.19784656796769851951	.13816343723673125526	.12838874680306905370	.03834510595358224016	0	.02675916749256689791	.09515096065873741994	.04347826086956521739	.02040816326530612244	.21103653989560029828	0	.04800000000000000000	0	.22175141242937853107	0	.19590163934426229508	.03618090452261306532	.02100000000000000000	.05660377358490566037	.05686274509803921568	.13422818791946308724	.03392857142857142857	.09794319294809010773	.11030595813204508856	.03146067415730337078	.00524109014675052410	.00524109014675052410
aBufBuf1_r2_k7	.03469750889679715302	1	.00931232091690544412	0	.01652892561983471074	.01971608832807570977	.02824267782426778242	.06670061099796334012	.03023758099352051835	.00590841949778434268	0	0	0	.03064351378958120531	.03048065650644783118	0	.00403496973772696704	0	.06451612903225806451	.02460697197539302802	.08745247148288973384	.08761904761904761904	0	.02439024390243902439	.02480916030534351145	0	0	.01070234113712374581	.00956022944550669216	.02741812642802741812	0	.03696498054474708171	0	.01431980906921241050	.01422764227642276422	.09328358208955223880	.05053598774885145482	.03121098626716604244	.06084243369734789391	0	.04275741710296684118	0	0	.06395736175882744836	0	0	0	.00625978090766823161	0	0	.01014656144306651634	0	.06043956043956043956	0	0	0	.02088772845953002610	0	0	.02169981916817359855	0	.00542005420054200542	0	0	.00253807106598984771	0	0	0
aDenEbr1_r1_k7	.05243243243243243243	.00931232091690544412	1	.02296211251435132032	.02797202797202797202	.06018054162487462387	.02972651605231866825	.06505576208178438661	.07895981087470449172	.02922309337134711332	.17765042979942693409	.15055852355512384652	0	.02404692082111436950	.02343255224825839138	0	.00972972972972972972	.03953057442865966646	.02303120356612184249	.03791685701233439926	.02715654952076677316	.01998401278976818545	0	.01133455210237659963	.01131418624891209747	0	0	.01936064835659612787	.02257336343115124153	.06130456105934281510	.02091112770724421209	.00806451612903225806	.00749375520399666944	.05434782608695652173	.01313628899835796387	.13921568627450980392	.02175489485134155184	.04911591355599214145	.05852231163130943672	0	.03846153846153846153	.03697383390216154721	.06442769019876627827	.09519533004041311180	.05621536025336500395	0	0	0	0	0	.05765654060756354618	0	.05031446540880503144	0	.07997630331753554502	0	.08378016085790884718	0	0	.03831118060985144644	0	.06284153005464480874	0	.04795050270688321732	.05284015852047556142	.02753872633390705679	.02365415986949429037	.02365415986949429037
aDenEbr1_r2_k7	.20000000000000000000	0	.02296211251435132032	1	.19027661357921207041	.17719950433705080545	.16436251920122887864	.16147186147186147186	.05475504322766570605	0	.00350058343057176196	0	0	.02792452830188679245	.02668890742285237698	0	.10602409638554216867	0	.00414078674948240165	.01824212271973466003	.05160550458715596330	.05166475315729047072	0	0	0	0	0	0	0	0	.02085505735140771637	.00697674418604651162	.17903066271018793273	.11570945945945945945	.02983293556085918854	.02782608695652173913	.37737737737737737737	.31473408892763731473	.06585612968591691995	.19291014014839241549	.04222520107238605898	.36357039187227866473	.14087117701575532900	.09474824038982133188	0	0	0	.27715736040609137055	0	.04357798165137614678	.21086780210867802108	0	.02466367713004484304	0	.15214067278287461773	0	.21133093525179856115	0	0	0	.03837719298245614035	.14852398523985239852	0	.17524644030668127053	.23368606701940035273	.11764705882352941176	.01654846335697399527	.01654846335697399527
aRanTem1_r1_k7	.13835511145272867025	.01652892561983471074	.02797202797202797202	.19027661357921207041	1	.98062283737024221453	.94263018534863195057	.02568893040635217188	.08429118773946360153	.04098360655737704918	.00582524271844660194	.00662251655629139072	0	.08477508650519031141	.08737864077669902912	0	.01840685496667724531	0	0	.05487804878048780487	.04694167852062588904	.04700854700854700854	0	0	0	.01815431164901664145	0	.02392344497607655502	.02289452166802943581	.10671140939597315436	.11518987341772151898	.00723589001447178002	.04695089044792228818	.05221674876847290640	.09715994020926756352	0	.04578313253012048192	.09713701431492842535	.11124694376528117359	.06130268199233716475	.05820105820105820105	.05541770057899090157	0	.07449344457687723480	0	0	0	.04656862745098039215	0	0	.09210526315789473684	0	.03596127247579529737	0	0	0	.01696712619300106044	0	0	.02054794520547945205	.20995962314939434724	.15519125683060109289	0	0	.09740932642487046632	.03752039151712887438	0	0
aRanTem1_r2_k7	.17015098722415795586	.01971608832807570977	.06018054162487462387	.17719950433705080545	.98062283737024221453	1	.96267696267696267696	.01756440281030444964	.06743834927025666834	0	.00356052899287894201	0	0	.07355738744451490171	.07649896623018607856	0	.02799552071668533034	.00134138162307176391	0	.03833090732654051431	.05071174377224199288	.05075690115761353517	0	0	0	0	0	.02771141901576684185	.02798053527980535279	.11930926216640502354	.11230388109000825763	.00449640287769784172	.05452946350043975373	.06058495821727019498	.10366972477064220183	0	.04556354916067146282	.13080771979985704074	.12187247780468119451	.05187713310580204778	.07282110091743119266	.02576687116564417177	0	.09147212958551691281	.02114537444933920704	0	0	.04446240905416329830	0	0	.09562289562289562289	0	.05157342657342657342	0	0	0	.02712609970674486803	0	0	.02172024326672458731	.18814432989690721649	.18488023952095808383	0	0	.11183261183261183261	.03384912959381044487	0	0
aRanTem1_r3_k7	.14751773049645390070	.02824267782426778242	.02972651605231866825	.16436251920122887864	.94263018534863195057	.96267696267696267696	1	.01600000000000000000	.07044776119402985074	0	0	0	0	.06561264822134387351	.06848112379280070237	0	.02116564417177914110	0	0	.03144654088050314465	.05049261083743842364	.05055487053020961775	0	0	0	0	0	.03368893879842784952	.03603603603603603603	.11131957473420888055	.11679644048943270300	.00625000000000000000	.04994903160040774719	.05427046263345195729	.10025706940874035989	0	.04259850905218317358	.12235510579576816927	.11974110032362459546	.05897658282740676496	.06215083798882681564	.02503793626707132018	0	.07666480134303301622	0	0	0	.04108108108108108108	0	0	.08695652173913043478	0	.04086538461538461538	0	0	0	.01520912547528517110	0	0	.02145411203814064362	.20539906103286384976	.16699218750000000000	0	0	.10428305400372439478	.03739612188365650969	0	0
aRanTem1_r4_k7	.10587262200165425971	.06670061099796334012	.06505576208178438661	.16147186147186147186	.02568893040635217188	.01756440281030444964	.01600000000000000000	1	.01826313827804696235	.02333840690005073566	.04845980465815176558	.04111153406928054815	0	0	0	0	.00538894095595126522	0	.05120167189132706374	.01632208922742110990	0	0	0	0	0	0	0	0	0	0	.03985317252228631358	.01548672566371681415	.16599326599326599326	.04878048780487804878	.02575587905935050391	.04909437559580552907	.06985105290190035952	.10405727923627684964	.06511627906976744186	.07774178621008792225	0	.13456577815993121238	.04834731129748396645	.05259391771019677996	0	0	.01460248783126014061	.16347646145887221934	.04269547325102880658	.01318681318681318681	.04997707473635946813	0	0	.01610216546363131593	.11303191489361702127	0	.09805825242718446601	0	0	0	0	.06988188976377952755	.02551020408163265306	.04836109618484685652	.09702209414024975984	.06589595375722543352	0	0
bAquChr1_r_k7	.11665762344004340748	.03023758099352051835	.07895981087470449172	.05475504322766570605	.08429118773946360153	.06743834927025666834	.07044776119402985074	.01826313827804696235	1	.04942693409742120343	.02874940105414470531	.01559454191033138401	0	.05123674911660777385	.05089058524173027989	.04767246214245653393	.02112103980503655564	.03722084367245657568	.03659447348767737117	.06966086159486709440	.05220883534136546184	.05225080385852090032	0	0	0	.02660016625103906899	.00950871632329635499	.04561878952122854561	.02946175637393767705	.10629921259842519685	0	0	0	.01477199743095696852	0	.03676953381483913328	.03571428571428571428	0	.04632352941176470588	0	.01876675603217158176	.06396344945745288406	.02754820936639118457	.05450450450450450450	0	0	0	.01399116347569955817	0	0	.01556662515566625155	0	0	0	.04283164782867340868	0	.03434343434343434343	0	0	0	0	.06039807824296499656	0	.04976671850699844479	.04844061048440610484	.02943722943722943722	0	0
bBalReg1_r_k7	.11494252873563218390	.00590841949778434268	.02922309337134711332	0	.04098360655737704918	0	0	.02333840690005073566	.04942693409742120343	1	0	0	.00282485875706214689	.19979716024340770791	.21627906976744186046	.27077497665732959850	.04025494800402549480	.06888888888888888888	.03189792663476874003	.06122448979591836734	0	0	.23251748251748251748	0	0	.15885947046843177189	.15121412803532008830	.14846870838881491344	.18898385565052231718	0	0	0	0	.00473372781065088757	0	.00493218249075215782	0	0	0	0	.01300954032957502168	0	.02567567567567567567	.02519893899204244031	0	0	0	0	0	0	0	0	0	0	.02579979360165118679	0	0	0	0	.01071428571428571428	0	0	0	0	.00628930817610062893	0	0	0
bCarCri1_r1_k7	.17398463227222832052	0	.17765042979942693409	.00350058343057176196	.00582524271844660194	.00356052899287894201	0	.04845980465815176558	.02874940105414470531	0	1	.97735105859182668636	0	.02027429934406678592	.01934235976789168278	0	.01143790849673202614	.15273412947831552482	.05083459787556904400	.19157797316057380842	.02042483660130718954	.02044153720359771054	0	.04248245289988917620	.04537444933920704845	0	0	.01595987232102143182	.05389908256880733944	.13575335653903530581	.00610221205186880244	.00825082508250825082	0	.03580729166666666666	.00420168067226890756	.18308921438082556591	.04293116210214655810	.00933955970647098065	.01568334578043315907	0	.01572668112798264642	0	.01327742837176799440	.10322874033651659845	.05587044534412955465	0	0	.00972326103216155572	0	.00326797385620915032	.02586750788643533123	0	.02170418006430868167	.00829875518672199170	.01807228915662650602	0	.02390710382513661202	0	0	.05755395683453237410	0	.14066852367688022284	.00513196480938416422	0	0	0	0	0
bCarCri1_r2_k7	.15612758813654168998	0	.15055852355512384652	0	.00662251655629139072	0	0	.04111153406928054815	.01559454191033138401	0	.97735105859182668636	1	0	.01887941534713763702	.01846965699208443271	0	.01099807533681605718	.14395886889460154241	.05222135619641465315	.17685794920037629350	.01766190075693860386	.01767676767676767676	0	.03181137724550898203	.03534675615212527964	0	0	.01436515291936978683	.04915155061439438267	.11589068825910931174	0	.00764655904842820730	0	.02798134576948700866	0	.16905248807089297886	.03799392097264437689	0	.01687116564417177914	0	0	0	0	.08595194085027726432	.02083333333333333333	0	0	.01075268817204301075	0	0	.01870967741935483870	0	.01736972704714640198	0	.01969230769230769230	0	.00979706088173547935	0	0	.04769736842105263157	0	.11991434689507494646	0	0	0	0	0	0
bCarCri1_r3_k7	.02857142857142857142	0	0	0	0	0	0	0	0	.00282485875706214689	0	0	1	0	0	.22739726027397260273	.00931780366056572379	.03030303030303030303	0	.04082998661311914323	.10233393177737881508	.10251798561151079136	.10067114093959731543	0	0	0	.06154684095860566448	.04849279161205766710	.05942432683379758588	.02827380952380952380	.04658385093167701863	.05688073394495412844	0	.02186421173762945914	.06692160611854684512	.03353293413173652694	0	0	0	0	0	0	0	.08093994778067885117	.01760563380281690140	0	0	.00746268656716417910	0	0	.03594771241830065359	0	.00519930675909878682	0	0	0	0	0	0	.05821917808219178082	0	.03641092327698309492	0	0	0	0	0	0
bCicMag1_r1_k7	.03768318213538032100	.03064351378958120531	.02404692082111436950	.02792452830188679245	.08477508650519031141	.07355738744451490171	.06561264822134387351	0	.05123674911660777385	.19979716024340770791	.02027429934406678592	.01887941534713763702	0	1	1.00000000000000000000	0	.03076454462381967712	0	0	.03160270880361173814	.01197604790419161676	.01199040767386091127	0	.02329594477998274374	.02232854864433811802	.02522068095838587641	.02459791863765373699	.08924611973392461197	.09372693726937269372	.14426633785450061652	0	0	0	.02702702702702702702	.02746566791510611735	.00359389038634321653	.03742203742203742203	.01981981981981981981	.06210526315789473684	.00340136054421768707	.01099656357388316151	.02013422818791946308	0	.01878453038674033149	.04491725768321513002	0	0	.04113924050632911392	0	.04670658682634730538	.02759197324414715719	0	.00818713450292397660	0	.04642014162077104642	0	.05767441860465116279	0	0	.02552204176334106728	0	.04011461318051575931	0	0	0	0	0	0
bCicMag1_r2_k7	.03519510328997704667	.03048065650644783118	.02343255224825839138	.02668890742285237698	.08737864077669902912	.07649896623018607856	.06848112379280070237	0	.05089058524173027989	.21627906976744186046	.01934235976789168278	.01846965699208443271	0	1.00000000000000000000	1	0	.03135888501742160278	0	0	.02976913730255164034	.01128349788434414668	.01129943502824858757	0	.02326642335766423357	.02222222222222222222	.02848575712143928035	.02464788732394366197	.09058402860548271752	.09601301871440195280	.14572192513368983957	0	0	0	.02546523016650342801	.02962962962962962962	.00303951367781155015	.03827751196172248803	.02032520325203252032	.06310679611650485436	.00285714285714285714	.01128668171557562076	.02057613168724279835	0	.01781472684085510688	.04861111111111111111	0	0	.03892944038929440389	0	.04654442877291960507	.02803738317757009345	0	.00823045267489711934	0	.04628820960698689956	0	.05900948366701791359	0	0	.02445652173913043478	0	.03800217155266015200	0	0	0	0	0	0
bCicMag1_r3_k7	0	0	0	0	0	0	0	0	.04767246214245653393	.27077497665732959850	0	0	.22739726027397260273	0	0	1	.01098574821852731591	.32245532245532245532	.06804733727810650887	.18362950996230479267	0	0	.90198123044838373305	0	0	.32687927107061503416	.54024556616643929058	.31074642668078348332	.37847222222222222222	.04159343878148799062	0	0	0	0	0	0	0	0	0	0	.06103896103896103896	0	0	.04643799472295514511	0	0	0	0	0	0	0	0	.00212765957446808510	0	0	0	0	0	0	.07497360084477296726	0	0	0	0	0	0	0	0
bCucCan1_r_k7	.02158693115519253208	.00403496973772696704	.00972972972972972972	.10602409638554216867	.01840685496667724531	.02799552071668533034	.02116564417177914110	.00538894095595126522	.02112103980503655564	.04025494800402549480	.01143790849673202614	.01099807533681605718	.00931780366056572379	.03076454462381967712	.03135888501742160278	.01098574821852731591	1	.02126994056928370347	.00478796169630642954	.01221130873374037695	.00565371024734982332	.00565570873100035348	0	.03848829121261303037	.03457172342621259029	.00430416068866571018	.02725724020442930153	.05659384048433798367	.05940298507462686567	.01880011058888581697	.00891326705519369214	.01312987934705464868	.02864321608040201005	.05028644175684277530	.00786838340486409155	.00900900900900900900	.02130537707135610415	.04283413848631239935	.01833616298811544991	.01671397035635446231	.00840579710144927536	.03387290167865707434	.06124464932499176819	.03206307490144546649	.00633579725448785638	0	.00139909059111577474	.01529051987767584097	.00067704807041299932	.00070671378091872791	.01754935756816045126	0	.01052631578947368421	0	.02633190447030006123	0	.01368078175895765472	0	.03789473684210526315	.01295064753237661883	0	.04635108481262327416	.00067340067340067340	.00069662138627655869	.00840879689521345407	.00218978102189781021	.00356633380884450784	.00356633380884450784
bFalNau1_r1_k7	.11581291759465478841	0	.03953057442865966646	0	0	.00134138162307176391	0	0	.03722084367245657568	.06888888888888888888	.15273412947831552482	.14395886889460154241	.03030303030303030303	0	0	.32245532245532245532	.02126994056928370347	1	.00948991696322657176	.61150652431791221826	0	0	.12944162436548223350	0	0	0	.12672583826429980276	.26833527357392316647	.28132387706855791962	.13020833333333333333	0	.05698778833107191316	0	.01885014137606032045	0	.09055501460564751703	.03082191780821917808	0	.28009259259259259259	0	0	0	0	.02436194895591647331	0	0	0	0	0	0	0	0	.01170351105331599479	0	.00675105485232067510	0	.00606673407482305358	0	0	.00773195876288659793	0	.00728407908428720083	0	0	0	0	0	0
bFalNau1_r2_k7	.02886405959031657355	.06451612903225806451	.02303120356612184249	.00414078674948240165	0	0	0	.05120167189132706374	.03659447348767737117	.03189792663476874003	.05083459787556904400	.05222135619641465315	0	0	0	.06804733727810650887	.00478796169630642954	.00948991696322657176	1	.03538570417551309271	.03781512605042016806	.03789473684210526315	0	.02041858090862685043	.02431011826544021024	0	.00284900284900284900	.12802768166089965397	.12248995983935742971	.07917656373713380839	0	0	0	0	0	.06763925729442970822	0	.01331557922769640479	0	0	.01551094890510948905	0	0	.06478290833907649896	.05749486652977412731	0	0	0	0	0	.01075268817204301075	0	.03427419354838709677	0	0	0	.00558659217877094972	0	0	.03777335984095427435	0	.01162790697674418604	0	0	0	0	0	0
bFalRus1_r_k7	.11528429838288993218	.02460697197539302802	.03791685701233439926	.01824212271973466003	.05487804878048780487	.03833090732654051431	.03144654088050314465	.01632208922742110990	.06966086159486709440	.06122448979591836734	.19157797316057380842	.17685794920037629350	.04082998661311914323	.03160270880361173814	.02976913730255164034	.18362950996230479267	.01221130873374037695	.61150652431791221826	.03538570417551309271	1	.00530705079605761940	.00531107738998482549	.07437407952871870397	0	0	.06342991386061080657	.16320246343341031562	.21590909090909090909	.17998912452419793365	.20465337132003798670	.01635846372688477951	.01530221882172915072	0	.02084610668301655426	.01789883268482490272	.04257983719474013775	.04771784232365145228	.01693851944792973651	.09274755927475592747	.03192771084337349397	.02372356884992264053	.01095890410958904109	.01245085190039318479	.05318221447253705318	.01879699248120300751	0	0	.01396648044692737430	.00138600138600138600	.00151630022744503411	.05833333333333333333	0	.05153099327856609410	0	.02735042735042735042	0	.01796023091725465041	0	0	.01263001485884101040	0	.05290659699542782495	0	0	.01707779886148007590	.00976403580146460537	0	0
bMerNub1_r1_k7	.04591836734693877551	.08745247148288973384	.02715654952076677316	.05160550458715596330	.04694167852062588904	.05071174377224199288	.05049261083743842364	0	.05220883534136546184	0	.02042483660130718954	.01766190075693860386	.10233393177737881508	.01197604790419161676	.01128349788434414668	0	.00565371024734982332	0	.03781512605042016806	.00530705079605761940	1	.99475065616797900262	0	.03163538873994638069	.03501400560224089635	0	0	.02442635085122131754	.02106430155210643015	.03763900769888793840	0	.02432432432432432432	.00391644908616187989	.02881844380403458213	.02873563218390804597	.02727272727272727272	.01964636542239685658	.03805175038051750380	.10663983903420523138	.08298755186721991701	.01596806387225548902	.04504504504504504504	.06791171477079796264	.08253500368459837877	0	0	0	.04646464646464646464	.07707509881422924901	.00785340314136125654	.05114401076716016150	0	.10945273631840796019	.03305785123966942148	.04156479217603911980	0	.06109324758842443729	.09319899244332493702	0	.01466992665036674816	0	.03198653198653198653	.06321839080459770114	.21040189125295508274	.17080745341614906832	.09589041095890410958	0	0
bMerNub1_r2_k7	.04596527068437180796	.08761904761904761904	.01998401278976818545	.05166475315729047072	.04700854700854700854	.05075690115761353517	.05055487053020961775	0	.05225080385852090032	0	.02044153720359771054	.01767676767676767676	.10251798561151079136	.01199040767386091127	.01129943502824858757	0	.00565570873100035348	0	.03789473684210526315	.00531107738998482549	.99475065616797900262	1	0	.03165236051502145922	.03503854239663629992	0	0	.02296296296296296296	.02108768035516093229	.02568493150684931506	0	.02710027100271002710	.00391900718484650555	.02886002886002886002	.02881844380403458213	.02427921092564491654	.01968503937007874015	.03810975609756097560	.10685483870967741935	.08310249307479224376	.01598401598401598401	.04509582863585118376	.06802721088435374149	.07522123893805309734	0	0	0	.04655870445344129554	.07722772277227722772	.00787401574803149606	.05121293800539083557	0	.05486284289276807980	.03314917127071823204	.04161566707466340269	0	.06119162640901771336	.09343434343434343434	0	.00980392156862745098	0	.03204047217537942664	.06333973128598848368	.21090047393364928909	.17107309486780715396	.09621993127147766323	0	0
bMerNub1_r3_k7	0	0	0	0	0	0	0	0	0	.23251748251748251748	0	0	.10067114093959731543	0	0	.90198123044838373305	0	.12944162436548223350	0	.07437407952871870397	0	0	1	0	0	.39841688654353562005	.45235294117647058823	.15395683453237410071	.20616365568544102019	0	0	0	0	0	0	0	0	0	0	0	.04418828049951969260	0	0	.02650429799426934097	0	0	0	0	0	0	0	0	0	0	0	0	0	0	0	.07589285714285714285	0	0	0	0	0	0	0	0
bNycGra1_r1_k7	.01705237515225334957	.02439024390243902439	.01133455210237659963	0	0	0	0	0	0	0	.04248245289988917620	.03181137724550898203	0	.02329594477998274374	.02326642335766423357	0	.03848829121261303037	0	.02041858090862685043	0	.03163538873994638069	.03165236051502145922	0	1	1.00000000000000000000	0	0	0	0	.02036199095022624434	.01178278688524590163	.04101457096600107933	0	0	0	.02053196453569762015	0	0	.03585858585858585858	0	.06961770623742454728	0	0	.00880281690140845070	0	0	.00422386483632523759	0	0	.00321715817694369973	0	0	0	.00595882990249187432	0	0	0	0	0	.02431289640591966173	.01312335958005249343	0	0	0	0	0	0	0
bNycGra1_r2_k7	.01431391905231984205	.02480916030534351145	.01131418624891209747	0	0	0	0	0	0	0	.04537444933920704845	.03534675615212527964	0	.02232854864433811802	.02222222222222222222	0	.03457172342621259029	0	.02431011826544021024	0	.03501400560224089635	.03503854239663629992	0	1.00000000000000000000	1	0	0	0	0	.01896162528216704288	.01056105610561056105	.04237288135593220338	0	0	0	.01992966002344665885	0	0	.03564484769928710304	0	.07080078125000000000	0	0	.00790678318768206408	0	0	.00617707618393960192	0	0	.00560224089635854341	0	0	0	.00851667849538679914	0	0	0	0	0	.02336769759450171821	.01294277929155313351	0	0	0	0	0	0	0
bNycGra1_r3_k7	.01385927505330490405	0	0	0	.01815431164901664145	0	0	0	.02660016625103906899	.15885947046843177189	0	0	0	.02522068095838587641	.02848575712143928035	.32687927107061503416	.00430416068866571018	0	0	.06342991386061080657	0	0	.39841688654353562005	0	0	1	.19456454601605929586	.01909854851031321619	.01511627906976744186	.02661934338952972493	0	0	0	0	0	0	0	0	0	0	0	0	0	.01140684410646387832	0	0	0	0	0	0	0	0	0	0	0	0	0	0	0	.06267029972752043596	0	.02173913043478260869	0	0	0	0	0	0
bPluApr1_r_k7	0	0	0	0	0	0	0	0	.00950871632329635499	.15121412803532008830	0	0	.06154684095860566448	.02459791863765373699	.02464788732394366197	.54024556616643929058	.02725724020442930153	.12672583826429980276	.00284900284900284900	.16320246343341031562	0	0	.45235294117647058823	0	0	.19456454601605929586	1	.39695817490494296577	.43237047226043099495	.00245098039215686274	0	0	0	0	0	0	0	0	0	0	.03857957036387549320	0	0	.03034901365705614567	0	0	0	0	0	.02167369054786273329	0	0	0	0	0	0	0	0	0	.05094786729857819905	0	0	0	0	0	0	0	0
bPogPus1_r1_k7	.04104669061056952283	.01070234113712374581	.01936064835659612787	0	.02392344497607655502	.02771141901576684185	.03368893879842784952	0	.04561878952122854561	.14846870838881491344	.01595987232102143182	.01436515291936978683	.04849279161205766710	.08924611973392461197	.09058402860548271752	.31074642668078348332	.05659384048433798367	.26833527357392316647	.12802768166089965397	.21590909090909090909	.02442635085122131754	.02296296296296296296	.15395683453237410071	0	0	.01909854851031321619	.39695817490494296577	1	.97701763762693746659	.11318989710009354536	0	0	0	.00601322910402886349	0	.02823818293431553100	0	.01722017220172201722	.07435197817189631650	0	.02080162354134956874	0	0	.02751504729148753224	0	0	0	.01229508196721311475	0	.02812731310140636565	.02102803738317757009	0	.02990517870167760758	0	0	0	.00439974858579509742	0	0	.00435413642960812772	0	.02367242482405630198	0	0	.00929944203347799132	0	.00452830188679245283	.00452830188679245283
bPogPus1_r2_k7	.04000000000000000000	.00956022944550669216	.02257336343115124153	0	.02289452166802943581	.02798053527980535279	.03603603603603603603	0	.02946175637393767705	.18898385565052231718	.05389908256880733944	.04915155061439438267	.05942432683379758588	.09372693726937269372	.09601301871440195280	.37847222222222222222	.05940298507462686567	.28132387706855791962	.12248995983935742971	.17998912452419793365	.02106430155210643015	.02108768035516093229	.20616365568544102019	0	0	.01511627906976744186	.43237047226043099495	.97701763762693746659	1	.08999407933688573120	0	0	0	0	0	.02288135593220338983	0	.01359388275276125743	.06981317600786627335	0	.01248357424441524310	0	0	.02290889717634523175	.01752464403066812705	0	0	.01182266009852216748	0	.03104212860310421286	.01108471892319873317	0	.01952277657266811279	0	0	0	.00612959719789842381	0	0	.00968783638320775026	0	.02244165170556552962	0	0	.00773195876288659793	0	0	0
bStrHab1_r_k7	.15449915110356536502	.02741812642802741812	.06130456105934281510	0	.10671140939597315436	.11930926216640502354	.11131957473420888055	0	.10629921259842519685	0	.13575335653903530581	.11589068825910931174	.02827380952380952380	.14426633785450061652	.14572192513368983957	.04159343878148799062	.01880011058888581697	.13020833333333333333	.07917656373713380839	.20465337132003798670	.03763900769888793840	.02568493150684931506	0	.02036199095022624434	.01896162528216704288	.02661934338952972493	.00245098039215686274	.11318989710009354536	.08999407933688573120	1	.03742038216560509554	.01642178046672428694	0	.02903443619176232275	.04493392070484581497	.12715964063579820317	.02932098765432098765	.05817174515235457063	.05062305295950155763	0	.09614309670206819452	0	0	.16651119402985074626	.15508474576271186440	0	0	0	0	0	.05882352941176470588	0	.13456686291000841042	0	.00809968847352024922	0	.04258339247693399574	0	0	.11204013377926421404	0	.04923968139029688631	0	0	0	0	.00524934383202099737	.00524934383202099737
fAciRut3_r_k7	.08716026241799437675	0	.02091112770724421209	.02085505735140771637	.11518987341772151898	.11230388109000825763	.11679644048943270300	.03985317252228631358	0	0	.00610221205186880244	0	.04658385093167701863	0	0	0	.00891326705519369214	0	0	.01635846372688477951	0	0	0	.01178278688524590163	.01056105610561056105	0	0	0	0	.03742038216560509554	1	.04595185995623632385	.09820877084620135886	.01664532650448143405	.05517241379310344827	.00803212851405622489	.06040268456375838926	.04435483870967741935	.06678082191780821917	0	0	.04102564102564102564	.00739644970414201183	.06094182825484764542	0	0	.01204819277108433734	.06529209621993127147	.00843170320404721753	0	.21084337349397590361	0	0	.05777777777777777777	.09723756906077348066	0	.13258110014104372355	0	.04498977505112474437	.02016129032258064516	0	.18061674008810572687	0	0	.04103967168262653898	0	.03611738148984198645	.03611738148984198645
fAnaTes1_r_k7	.03822314049586776859	.03696498054474708171	.00806451612903225806	.00697674418604651162	.00723589001447178002	.00449640287769784172	.00625000000000000000	.01548672566371681415	0	0	.00825082508250825082	.00764655904842820730	.05688073394495412844	0	0	0	.01312987934705464868	.05698778833107191316	0	.01530221882172915072	.02432432432432432432	.02710027100271002710	0	.04101457096600107933	.04237288135593220338	0	0	0	0	.01642178046672428694	.04595185995623632385	1	0	.04252199413489736070	.05059523809523809523	.02160493827160493827	.05432595573440643863	.06511627906976744186	.09484536082474226804	.15752461322081575246	.01717171717171717171	.02397260273972602739	0	.02825278810408921933	0	0	0	.02898550724637681159	0	0	.09028727770177838577	0	0	0	.05334987593052109181	0	.04590163934426229508	0	0	0	.07317073170731707317	.06013745704467353951	0	0	.08544303797468354430	.10714285714285714285	0	0
fAntMac1_r1_k7	.08638497652582159624	0	.00749375520399666944	.17903066271018793273	.04695089044792228818	.05452946350043975373	.04994903160040774719	.16599326599326599326	0	0	0	0	0	0	0	0	.02864321608040201005	0	0	0	.00391644908616187989	.00391900718484650555	0	0	0	0	0	0	0	0	.09820877084620135886	0	1	0	.07276368491321762349	0	.13261000602772754671	.16436081903707802988	.16575591985428051001	.25734116390816871329	0	.20363101079489695780	.23749281196089706728	.12883925009972078181	0	0	.02114029468289557975	.15197568389057750759	.03260869565217391304	.00652741514360313315	.16376122556788166930	0	0	0	.29522357723577235772	0	.34762979683972911963	0	0	.01796023091725465041	.16857506361323155216	.25630733944954128440	.03349282296650717703	.34265734265734265734	.60869565217391304347	.18723994452149791955	0	0
fAntMac1_r2_k7	.20433436532507739938	.01431980906921241050	.05434782608695652173	.11570945945945945945	.05221674876847290640	.06058495821727019498	.05427046263345195729	.04878048780487804878	.01477199743095696852	.00473372781065088757	.03580729166666666666	.02798134576948700866	.02186421173762945914	.02702702702702702702	.02546523016650342801	0	.05028644175684277530	.01885014137606032045	0	.02084610668301655426	.02881844380403458213	.02886002886002886002	0	0	0	0	0	.00601322910402886349	0	.02903443619176232275	.01664532650448143405	.04252199413489736070	0	1	0	.09156378600823045267	.20584652862362971985	.30753353973168214654	.01730531520395550061	.05990338164251207729	0	.17583333333333333333	.08324084350721420643	.08747753145596165368	.04113475177304964539	0	0	.05824039653035935563	.00244498777506112469	.05619596541786743515	.09952606635071090047	0	.09103641456582633053	0	.20000000000000000000	0	.16488222698072805139	0	0	.04160887656033287101	0	.14128035320088300220	0	.00272108843537414965	0	0	.02095808383233532934	.02095808383233532934
fArcCen1_r_k7	.07188160676532769556	.01422764227642276422	.01313628899835796387	.02983293556085918854	.09715994020926756352	.10366972477064220183	.10025706940874035989	.02575587905935050391	0	0	.00420168067226890756	0	.06692160611854684512	.02746566791510611735	.02962962962962962962	0	.00786838340486409155	0	0	.01789883268482490272	.02873563218390804597	.02881844380403458213	0	0	0	0	0	0	0	.04493392070484581497	.05517241379310344827	.05059523809523809523	.07276368491321762349	0	1	.02555910543130990415	.15368421052631578947	.02247191011235955056	.08855291576673866090	.17706821480406386066	0	.08548009367681498829	.16576576576576576576	.02947845804988662131	.07520891364902506963	0	0	.04772234273318872017	0	0	.05359661495063469675	0	.02717391304347826086	0	.03571428571428571428	0	.07142857142857142857	0	0	.14666666666666666666	.48195876288659793814	.15892857142857142857	0	.19023136246786632390	.25901639344262295081	.15503875968992248062	0	0
fCycLum1_r_k7	.09697933227344992050	.09328358208955223880	.13921568627450980392	.02782608695652173913	0	0	0	.04909437559580552907	.03676953381483913328	.00493218249075215782	.18308921438082556591	.16905248807089297886	.03353293413173652694	.00359389038634321653	.00303951367781155015	0	.00900900900900900900	.09055501460564751703	.06763925729442970822	.04257983719474013775	.02727272727272727272	.02427921092564491654	0	.02053196453569762015	.01992966002344665885	0	0	.02823818293431553100	.02288135593220338983	.12715964063579820317	.00803212851405622489	.02160493827160493827	0	.09156378600823045267	.02555910543130990415	1	.02287166454891994917	.00213903743315508021	.02967741935483870967	0	.02968750000000000000	.01972555746140651801	.04382929642445213379	.09908256880733944954	.08792846497764530551	0	0	.01811125485122897800	0	0	.00391772771792360430	0	.10294117647058823529	0	.01642335766423357664	0	.03666666666666666666	0	0	.06695778748180494905	0	.07798165137614678899	0	.06419400855920114122	.06290672451193058568	.02280701754385964912	.05047318611987381703	.05047318611987381703
fDenClu1_r_k7	.18337850045167118337	.05053598774885145482	.02175489485134155184	.37737737737737737737	.04578313253012048192	.04556354916067146282	.04259850905218317358	.06985105290190035952	.03571428571428571428	0	.04293116210214655810	.03799392097264437689	0	.03742203742203742203	.03827751196172248803	0	.02130537707135610415	.03082191780821917808	0	.04771784232365145228	.01964636542239685658	.01968503937007874015	0	0	0	0	0	0	0	.02932098765432098765	.06040268456375838926	.05432595573440643863	.13261000602772754671	.20584652862362971985	.15368421052631578947	.02287166454891994917	1	.43622448979591836734	.08493589743589743589	.46588235294117647058	.04428697962798937112	.60886699507389162561	.20391061452513966480	.08625336927223719676	0	0	.00743494423791821561	.16881028938906752411	.00315955766192733017	.11001964636542239685	.30574712643678160919	0	0	0	.26031746031746031746	0	.29906542056074766355	0	0	.01119402985074626865	.15300546448087431693	.28155339805825242718	0	.20909090909090909090	.35278858625162127107	.21002386634844868735	0	0
fEleEle1_r1_k7	.12669322709163346613	.03121098626716604244	.04911591355599214145	.31473408892763731473	.09713701431492842535	.13080771979985704074	.12235510579576816927	.10405727923627684964	0	0	.00933955970647098065	0	0	.01981981981981981981	.02032520325203252032	0	.04283413848631239935	0	.01331557922769640479	.01693851944792973651	.03805175038051750380	.03810975609756097560	0	0	0	0	0	.01722017220172201722	.01359388275276125743	.05817174515235457063	.04435483870967741935	.06511627906976744186	.16436081903707802988	.30753353973168214654	.02247191011235955056	.00213903743315508021	.43622448979591836734	1	.19818652849740932642	.22945891783567134268	.07047768206734534064	.35425623387790197764	.21527777777777777777	.13541666666666666666	.04191616766467065868	0	0	.26493506493506493506	0	.08066971080669710806	.24656188605108055009	0	0	0	.24519670631290027447	0	.30211817168338907469	0	0	0	0	.19102416570771001150	0	.16618911174785100286	.21980413492927094668	.12698412698412698412	.00792393026941362916	.00792393026941362916
fEleEle1_r2_k7	.03744292237442922374	.06084243369734789391	.05852231163130943672	.06585612968591691995	.11124694376528117359	.12187247780468119451	.11974110032362459546	.06511627906976744186	.04632352941176470588	0	.01568334578043315907	.01687116564417177914	0	.06210526315789473684	.06310679611650485436	0	.01833616298811544991	.28009259259259259259	0	.09274755927475592747	.10663983903420523138	.10685483870967741935	0	.03585858585858585858	.03564484769928710304	0	0	.07435197817189631650	.06981317600786627335	.05062305295950155763	.06678082191780821917	.09484536082474226804	.16575591985428051001	.01730531520395550061	.08855291576673866090	.02967741935483870967	.08493589743589743589	.19818652849740932642	1	.48448687350835322195	.02417188898836168307	.13160518444666001994	.24857954545454545454	.07269021739130434782	.04724409448818897637	0	0	.10163934426229508196	.01127214170692431561	.03822937625754527162	.08857808857808857808	0	.00967117988394584139	0	.07181136120042872454	0	.12075983717774762550	0	0	.05152671755725190839	.15083798882681564245	.14809590973201692524	0	.38661710037174721189	.40316205533596837944	.22358722358722358722	0	0
fEsoLuc1_r_k7	.09462528387585162755	0	0	.19291014014839241549	.06130268199233716475	.05187713310580204778	.05897658282740676496	.07774178621008792225	0	0	0	0	0	.00340136054421768707	.00285714285714285714	0	.01671397035635446231	0	0	.03192771084337349397	.08298755186721991701	.08310249307479224376	0	0	0	0	0	0	0	0	0	.15752461322081575246	.25734116390816871329	.05990338164251207729	.17706821480406386066	0	.46588235294117647058	.22945891783567134268	.48448687350835322195	1	.09679821295606850335	.28397070789259560618	.52473118279569892473	.14487632508833922261	0	0	0	.29545454545454545454	0	0	.11531365313653136531	0	.00269179004037685060	0	.09232096635030198446	0	.15784008307372793354	0	0	0	.10222804718217562254	.69625668449197860962	0	.71204188481675392670	.79695431472081218274	.87835703001579778830	0	0
fHipHip1_r_k7	.00875000000000000000	.04275741710296684118	.03846153846153846153	.04222520107238605898	.05820105820105820105	.07282110091743119266	.06215083798882681564	0	.01876675603217158176	.01300954032957502168	.01572668112798264642	0	0	.01099656357388316151	.01128668171557562076	.06103896103896103896	.00840579710144927536	0	.01551094890510948905	.02372356884992264053	.01596806387225548902	.01598401598401598401	.04418828049951969260	.06961770623742454728	.07080078125000000000	0	.03857957036387549320	.02080162354134956874	.01248357424441524310	.09614309670206819452	0	.01717171717171717171	0	0	0	.02968750000000000000	.04428697962798937112	.07047768206734534064	.02417188898836168307	.09679821295606850335	1	.02055702917771883289	0	.07637835103692463328	.01974333662388943731	0	0	0	0	0	.02787967718268525311	0	.04500978473581213307	0	.01460361613351877607	0	.02898550724637681159	0	0	.03109815354713313896	.03646833013435700575	.05354200988467874794	0	0	.05775316455696202531	.05263157894736842105	0	0
fMegCyp1_r_k7	.19784656796769851951	0	.03697383390216154721	.36357039187227866473	.05541770057899090157	.02576687116564417177	.02503793626707132018	.13456577815993121238	.06396344945745288406	0	0	0	0	.02013422818791946308	.02057613168724279835	0	.03387290167865707434	0	0	.01095890410958904109	.04504504504504504504	.04509582863585118376	0	0	0	0	0	0	0	0	.04102564102564102564	.02397260273972602739	.20363101079489695780	.17583333333333333333	.08548009367681498829	.01972555746140651801	.60886699507389162561	.35425623387790197764	.13160518444666001994	.28397070789259560618	.02055702917771883289	1	.21095890410958904109	.03542673107890499194	0	0	0	.29170829170829170829	0	.04617117117117117117	.32906325060048038430	0	0	0	.28247734138972809667	0	.43439716312056737588	0	0	0	.13900862068965517241	.20181818181818181818	0	.30355220667384284176	.35217391304347826086	.19924812030075187969	0	0
